-16.67 -72.71
-14.48 -69.07
-14.95 -69.33
-15.25 -69.10
-15.65 -69.34
-16.11 -69.22
-16.15 -68.95
-16.34 -68.73
-17.27 -69.51
-17.47 -69.38
-17.74 -69.75
-17.99 -69.69
-18.30 -69.95
-18.39 -70.40
-17.73 -71.39
-17.39 -71.51
-16.67 -72.71
-14.48 -69.07
-14.22 -68.79
-13.69 -68.93
-12.44 -68.58
-15.40 -75.23
-12.44 -68.58
-15.40 -75.23
-14.14 -76.47
-13.44 -76.39
-12.06 -77.31
-9.85 -72.05
-9.83 -71.34
-9.28 -70.46
-10.76 -70.42
-10.77 -69.47
-12.06 -77.31
-9.85 -72.05
-9.50 -72.13
-9.30 -72.92
-8.97 -72.79
-7.55 -73.77
-9.00 -78.75
-7.55 -73.77
-9.00 -78.75
-6.87 -80.08
-6.52 -73.01
-6.87 -80.08
-6.52 -73.01
-5.54 -72.83
-4.51 -79.03
-4.16 -79.98
-3.17 -80.24
-4.27 -81.49
-6.09 -81.33
-5.54 -72.83
-4.51 -79.03
-3.17 -78.34
-1.87 -76.15
-4.17 -71.85
-1.87 -76.15
-4.17 -71.85
-4.90 -69.75
-3.49 -70.35
-2.64 -69.80
-1.92 -70.80
-2.20 -72.75
-0.86 -73.53
0.21 -75.59
